CandC-train1.csv,CandC-test1.csv

1.32759622e+00,  1.65097350e-01,  3.31068192e-02,  2.09319795e-01, -4.21757635e-02, -3.10712384e-02,  7.36538962e-02,  1.42041556e-01, -1.88180756e-01, -1.68138727e-01,  1.27970965e-01, -2.03216719e-01,  4.51101911e-02, -3.69891098e-01, -1.01644106e-01,  2.99181387e-02, -1.41362584e-01,  1.19642724e-01,  6.37076997e-02, -8.53723550e-02,  3.81519693e-01,  8.68569355e-02, -2.87423653e-01, -2.75087880e-02, -2.84564791e-02,  3.21816855e-02, -1.08835984e-02,  3.38046437e-02,  1.04446472e-01, -1.87733704e-01, -8.15046855e-02,  3.23833395e-02,  3.57852332e-02,  3.41654136e-02,  2.85566966e-01, -7.09950104e-02, -6.57699568e-02,  9.30450756e-02,  1.61905321e-01,  3.87469742e-01,  1.72802956e-01,  1.43560062e-02, -3.68112885e-01,  8.89052224e-03, -1.04464846e-01, -2.75306562e-01, -1.75439724e-03, -1.15899907e-02,  8.93442909e-02, -2.24753119e-01, -2.65310650e-01,  1.01030279e-01, -1.58532414e-01, -3.21691598e-02,  1.22945986e-01, -1.39583210e-01,  7.01621574e-02,  3.89529849e-02, -1.98251917e-01,  5.08856749e-01, -3.28226645e-01, -8.09523750e-02, -1.80128912e-01, -1.70737737e-01, -6.91821218e-02,  4.30306135e-01,  1.20409348e-02, -1.74208546e-01, -5.17192612e-01,  2.01251668e-01,  1.35239116e-01,  3.02213869e-02,  1.65936190e-01, -4.91313736e-02,  4.66370069e-01,  6.93257708e-02, -6.24089649e-02, -1.68348050e-02, -9.92367055e-03, -3.95910641e-02, -3.64621624e-01,  4.22834724e-01, -1.12446115e-01, -2.44028706e-01,  5.10761809e-02, -6.73988235e-02,  3.43135070e-01,  6.75547286e-02, -6.08431782e-02, -1.07183100e-01,  6.76797362e-02,  1.51438951e-01,  6.70311208e-02,  3.99808895e-02, -2.95500512e-02, -1.24245344e-02,  1.37296888e-03, -8.55030879e-01, -1.63882227e+01, -8.48591440e-01,  3.32265561e-01, -2.56450875e-01,  1.21595122e-01,  1.07111395e-01,  1.60858433e+01, -1.06560328e-01, -3.75753616e-02,  1.59666564e-01,  2.40157655e-01,  6.86909053e-02, -2.08297584e-01,  9.07272240e-02,  4.08184781e-02, -2.53151250e-02,  3.36351787e-02,  1.81809429e-04, -1.86722510e-02,  2.20198796e-02,  3.73663938e-01, -5.44488840e-02,  2.38947660e-02, -6.63734683e-02

CandC-train2.csv,CandC-test2.csv

1.51699168e+00,  5.96607697e-01, -5.63397068e-02,  1.33387172e-01, -7.38898739e-02, -3.91538980e-02,  5.04666014e-03,  9.17825809e-02, -2.65255183e-01, -1.17072570e-01, -6.09671530e-03, -7.11288212e-01,  5.65663726e-02, -2.41368864e-01, -1.80561304e-01,  1.95495458e-02, -1.74409537e-01,  1.32187302e-01,  2.93546025e-02, -1.21959169e-01,  3.14137744e-01,  1.23643351e-01, -3.67171067e-01, -2.30857801e-02, -3.58290191e-02,  2.97083790e-02, -9.17831767e-03,  6.55717308e-02,  8.44130978e-03, -2.28014172e-01, -1.15676642e-01,  7.81709498e-02,  2.69817929e-02, -7.03935690e-03,  2.14078335e-01, -6.10977884e-02, -1.84015043e-02,  3.25669268e-02,  1.01639668e-01,  4.56562313e-01,  2.56676104e-01,  2.50130871e-01, -6.88357771e-01, -8.41336039e-02,  9.68826612e-02, -3.75059465e-01, -3.21325212e-02, -1.33060793e-02,  7.26408210e-02, -1.85353169e-01, -9.20651772e-02,  1.31556202e-01, -1.93615616e-01,  6.05605883e-02, -2.65029802e-02, -6.78069637e-02,  5.58251071e-02, -5.18482178e-02, -9.70252584e-02,  4.54148985e-01, -3.50678834e-01, -6.99060612e-02, -1.67725757e-01, -1.84542780e-01,  4.85887103e-02,  6.45236221e-01, -1.88493402e-01, -2.18056299e-01, -4.72746197e-01,  2.57903515e-01,  6.83792473e-02,  3.59078146e-02,  1.43523609e-01, -6.24100962e-02,  2.95579421e-01,  4.35890279e-02, -7.93982283e-02, -1.34827266e-02,  3.41999191e-02, -1.73532584e-02, -2.98007410e-01,  2.21529585e-01,  2.13108835e-02, -2.32549331e-01, -3.72987820e-03, -1.15201249e-01,  4.05220731e-01,  7.64463592e-02, -6.81560149e-02, -8.37373305e-02,  1.74721999e-01,  1.76068877e-01,  1.41916622e-01, -3.34311213e-03, -2.53728837e-02,  2.73700916e-02,  2.48202509e-02, -8.04581985e-01, -1.82745061e+01, -6.52472973e-01,  2.06047728e-01, -9.33636834e-02, -1.46745950e-02,  8.77570885e-02,  1.81101643e+01, -1.02054371e-01, -8.17420241e-03,  1.17898058e-02, -1.59069565e-02,  4.06543647e-02,  5.17334436e-02, -1.81286740e-01, -3.14545682e-02, -6.15652949e-02,  1.03152012e-02,  1.81297981e-04, -4.20403396e-02,  1.39860734e-01,  3.83525021e-01, -2.38133862e-02,  2.61535694e-02, -3.70999644e-02

CandC-train3.csv,CandC-test3.csv

8.09919117e-01,  2.40396291e-01, -3.74260943e-02,  2.33285156e-01, -6.00342758e-02, -1.09730007e-03,  6.24415033e-02,  2.25112491e-01, -2.01673807e-01, -2.63051669e-01,  1.91179072e-01, -3.07479095e-01,  4.79694893e-02, -1.51670923e-01, -2.05060299e-01,  2.22757051e-02, -1.68510545e-01, -2.93061525e-02,  1.18944140e-02, -8.33654824e-02,  2.31104849e-01,  4.74136049e-02, -2.57700671e-01, -2.87360090e-02, -3.72761266e-02,  1.16282460e-02, -1.18161492e-02,  5.46807288e-02,  6.63057535e-02, -1.59484710e-01, -5.07063736e-02,  5.95479970e-02,  4.80650398e-02,  2.49395088e-02,  2.68609440e-01, -5.64066151e-02, -4.16261147e-02,  2.91035143e-02,  6.36312392e-02,  1.15973540e-01,  2.88883945e-01, -2.28810925e-01,  1.50592539e-01, -1.89529490e-01, -8.80427028e-02, -9.54629851e-02, -3.24046155e-02, -8.81526034e-03,  1.66209357e-02, -1.50601405e-01, -1.77682935e-01,  1.39372558e-01, -1.84264436e-01,  2.73550636e-02,  1.34169887e-02, -6.16996420e-02,  4.54213387e-02, -6.15978063e-02, -8.94640411e-02,  3.65014974e-01, -2.17890992e-01, -1.50956063e-02, -1.90702787e-01, -5.11917660e-02, -1.55674427e-01,  6.88463087e-01,  6.74338449e-03, -2.28541616e-01, -6.75002299e-01,  2.29655227e-01,  1.85279586e-01,  2.61857982e-02,  1.76632884e-01, -1.21239812e-02,  6.17695878e-01,  4.70698844e-02, -5.62141566e-02, -1.76384551e-02,  9.80712055e-03, -1.17093546e-02, -2.56852325e-01,  1.60582109e-01,  5.52956704e-02, -2.27995923e-01, -5.92753751e-02, -8.13560753e-02,  4.01150273e-01,  5.54232959e-02, -8.24163434e-02, -7.39206848e-02,  1.08071052e-01,  1.80584540e-01,  1.06120574e-01,  1.62201477e-02, -4.82259185e-02,  2.34060241e-02,  3.88753808e-03, -4.52678105e-01, -1.04352874e+01, -3.97779271e-01,  6.16661531e-02, -1.36243491e-01, -1.53234827e-01,  2.51132271e-01,  1.05659848e+01, -6.70820509e-02, -8.23506442e-02,  2.47443475e-02,  9.21688686e-02,  8.49535457e-02, -1.28091132e-01,  1.28102268e-01, -6.63680152e-03, -2.45806767e-02,  1.28722316e-02,  2.19678470e-02, -3.17392768e-02,  1.56816846e-01, -9.66148685e-02, -6.49055979e-02,  1.11939264e-02, -4.51494650e-02

CandC-train4.csv,CandC-test4.csv

[[  1.47770227e+00,  4.88435916e-01,  1.27958663e-02,  2.19829407e-01, -9.79006540e-02, -2.73116804e-02,  7.28235810e-02,  1.46131395e-01, -1.86803686e-01, -2.04180760e-01,  1.20012695e-01, -5.96485036e-01,  6.46006248e-02, -1.63256099e-01, -1.64280321e-01,  4.41779478e-02, -1.18176187e-01,  6.17949556e-02,  1.19990279e-02, -1.19626158e-01,  2.53257814e-01,  3.56243210e-01, -6.22574989e-01, -2.87655011e-02, -2.57389499e-02,  2.85078428e-02, -1.00667685e-02,  7.52791544e-02,  6.17059380e-02, -1.63565517e-01, -4.97434828e-02, -4.08053747e-02,  1.88583505e-02,  2.70534567e-02,  2.61740092e-01, -6.85119775e-02, -3.29366341e-02,  9.31626375e-02,  1.08234354e-01,  3.48590904e-01,  2.43162862e-01,  4.78407970e-02, -3.28272997e-01, -2.19329723e-01,  1.06852684e-01, -4.26880808e-01, -1.41912593e-02,  1.10116059e-02,  4.44190887e-02, -1.86666969e-01, -1.85576285e-01,  9.95376288e-02, -2.01618365e-01,  7.96915180e-02, -4.20173176e-02, -2.34530329e-02,  1.78700100e-02, -1.46884060e-01,  6.67128709e-02,  2.37174382e-01, -1.35578891e-01, -5.48420270e-02, -1.83614452e-01,  2.40603538e-02, -1.68848036e-01,  7.76662532e-01, -2.45430411e-01, -1.78266444e-01, -2.75422724e-01,  1.49529984e-01,  1.10546398e-01,  3.93839958e-02,  7.19242228e-02, -7.21686835e-02,  1.46211186e-01,  4.01004396e-02, -8.20416318e-02, -2.31337330e-02,  2.47277777e-02, -5.27780399e-04, -4.12538489e-01,  4.18042402e-01, -8.23319352e-02, -3.43857060e-01,  1.65691243e-01, -1.14486344e-01,  3.42354433e-01,  4.62479410e-02, -4.02019708e-02, -7.92618922e-02,  1.83385796e-01,  1.69816669e-01,  1.24526501e-01,  1.72284582e-02, -3.20263238e-02,  2.22460987e-02,  1.82136831e-02, -9.81202118e-01, -1.66529532e+01, -8.28541261e-01,  3.70916484e-01, -1.83189997e-01, -3.82987605e-02,  2.08272220e-01,  1.63125140e+01, -5.44164923e-02, -3.77137473e-02,  6.80936811e-02,  1.71340644e-03,  2.49974488e-02, -1.02356458e-03,  1.23409237e-01, -6.19979420e-04, -2.08375979e-02,  4.58780688e-02,  1.03402578e-02, -3.83313062e-02,  3.07543414e-02,  5.72029249e-01, -9.19574625e-02,  2.23757095e-02, -5.83319496e-02

CandC-train5.csv,CandC-test5.csv

1.42065820e+00,  2.37718241e-01, -6.55713121e-03,  1.60312727e-01, -6.06629855e-02, -5.86063753e-03,  6.35513005e-02,  2.01442169e-01, -8.09064612e-02, -3.99939848e-01,  3.35348660e-02, -4.01688450e-01,  5.29791261e-02, -2.88756596e-01, -2.01428276e-01,  4.53877431e-02, -1.51813802e-01,  1.05485510e-01, -1.14880638e-02, -1.07934061e-01,  3.95690957e-01,  5.57708555e-03, -3.16857312e-01, -1.83181300e-02, -4.06320488e-02,  1.52559819e-02, -8.93722595e-03,  6.68116018e-02,  1.61404656e-01, -1.79965756e-01, -1.25328795e-01,  2.36391084e-02,  2.16191730e-02, -5.80769998e-03,  2.71631706e-01, -4.91945296e-02,  9.35737329e-03,  7.05931247e-02,  9.75633049e-02,  2.36946124e-01,  2.72083178e-01, -1.27546049e-01, -1.28109938e-01, -2.14007625e-01,  1.26426690e-01, -5.47503435e-01,  3.87737044e-03,  1.85331957e-02,  6.08652377e-02, -2.09595051e-01, -1.98034399e-01,  1.20033768e-01, -1.75465180e-01,  5.16708780e-04,  6.99575552e-02, -5.09481884e-02,  2.21591523e-02,  6.75784327e-03, -2.16650777e-01,  4.06815974e-01, -2.88309683e-01, -6.78943368e-02, -1.53471394e-01,  5.50168771e-02, -1.70710958e-01,  7.28039989e-01, -1.45346072e-01, -3.55594094e-01, -8.00687386e-01,  2.29515972e-01,  7.76440966e-02,  2.82611689e-02,  1.75449046e-01, -5.36965957e-02,  6.73631255e-01,  3.62053521e-02, -7.14184017e-02, -8.09370945e-03,  4.22530363e-02, -2.11342323e-02, -3.25252607e-01,  1.84934562e-01,  6.22898373e-02, -2.75344460e-01,  1.44035361e-01, -1.43090811e-01,  3.74042583e-01,  3.84711025e-02, -3.19961679e-02, -7.58243495e-02,  5.56722865e-02,  1.82647951e-01,  1.76435969e-01,  1.41619317e-02,  2.78981458e-03,  1.54902802e-02, -8.71479609e-03, -6.30781203e-01, -1.44783794e+01, -6.53820772e-01, -1.27898660e-01, -1.06814515e-01, -1.12470682e-01,  2.04611258e-01,  1.47710192e+01, -1.20339728e-01,  1.26296776e-02,  9.02020454e-02,  6.47196703e-02,  3.41421690e-02, -5.35120384e-02, -6.35500237e-02,  1.48152127e-02, -5.51604393e-02,  2.33211333e-02, -2.62042180e-02, -5.72325692e-02,  5.90534385e-02,  1.95806785e-01, -2.32026223e-02,  1.74919806e-02, -5.84041279e-02
