CandC-train1.csv,CandC-test1.csv

1.79075682e+00,7.45652256e-02,3.47659471e-02,2.17797041e-01, -3.00309249e-02, -4.02710210e-02,7.87590253e-02,1.37244585e-01, -2.23171765e-01, -1.47102687e-01,1.32158705e-01, -9.01495898e-02,4.16273925e-02, -3.84351452e-01, -1.04088838e-01,3.16175992e-02, -1.43650383e-01,9.96859285e-02,7.37590584e-02, -8.39229137e-02,4.00166793e-01,9.37735607e-02, -2.89786928e-01, -3.02752368e-02, -2.96281571e-02,3.36425793e-02,2.52444677e-02,1.67157742e-02,5.31361917e-02, -1.95705310e-01, -9.81470182e-02,5.27488606e-02,4.14877487e-02,2.46441174e-02,2.84046057e-01, -6.86548222e-02, -6.01822332e-02,9.14342321e-02,1.48728640e-01,3.40421862e-01,1.78993828e-01, -1.71819502e-02, -2.99786491e-01,6.50274198e-03, -1.31710430e-01, -2.44617610e-01,8.99358698e-03, -1.14302477e-02,9.15468315e-02, -2.27773305e-01, -1.62592683e-01,9.63441912e-02, -1.46319313e-01, -3.45645765e-02,1.23640327e-01, -1.42402161e-01,7.64164031e-02,3.45386547e-02, -2.02646920e-01,5.43088974e-01, -3.47352712e-01, -7.73436899e-02, -1.93122572e-01, -1.66919620e-01, -7.16993023e-02,3.67366066e-01,6.00065778e-02, -1.73589443e-01, -6.00015296e-01,2.22442650e-01,1.22356028e-01,2.73113681e-02,1.84623570e-01, -4.39265374e-02,5.40673449e-01,8.15476772e-02, -6.04827056e-02, -1.71730294e-02, -4.11862085e-04, -3.94257266e-02, -3.31525645e-01,3.81895713e-01, -1.05680326e-01, -2.45426768e-01,6.99919601e-02, -7.16910716e-02,3.26480329e-01,6.53863434e-02, -5.83221860e-02, -1.10756793e-01,6.09993386e-02,1.55646882e-01,7.66952810e-02,3.66670870e-02, -2.31415348e-02, -1.26303722e-02,1.54668422e-03, -1.46790756e+00, -1.71110872e+01, -1.29493135e+00,4.14268131e-01, -2.84718875e-01,1.85516990e-01,6.07162564e-02,1.70334063e+01, -7.75425013e-02, -1.32359797e-01,1.27365842e-01,2.43751924e-01,9.12344613e-02, -2.81810746e-01, -3.34939417e-01,2.73160676e-02, -2.67429124e-02,4.00164121e-02, -3.76043832e-03, -2.08249081e-02,1.08927596e-02,8.16370988e-01,-7.08387531e-02,3.02784414e-02,4.05131992e-02, -3.46854890e-01

CandC-train2.csv,CandC-test2.csv

1.55351540e+00,5.05879707e-01, -5.37872455e-02,1.40527502e-01, -6.76737787e-02, -4.61162651e-02,1.22732602e-02,8.66276978e-02, -2.91376164e-01, -1.08184974e-01, -4.55847961e-03, -5.85157035e-01,5.39077172e-02, -2.68431152e-01, -1.75032001e-01,2.34924653e-02, -1.84380532e-01,1.33267932e-01,3.53516861e-02, -1.21236994e-01,3.38430519e-01,1.41440419e-01, -3.81703528e-01, -2.79311986e-02, -3.57805883e-02,3.18767359e-02,4.54126670e-02,4.03675006e-02, -6.84413848e-03, -2.36250938e-01, -1.29565085e-01,9.49586567e-02,2.63364547e-02, -9.67229666e-03,2.17333942e-01, -5.67830356e-02, -1.37058805e-02,3.30440354e-02,1.02631751e-01,3.87083947e-01,2.72709671e-01,1.76062222e-01, -5.60181025e-01, -9.60751356e-02,6.43169011e-02, -3.46461188e-01, -2.42124463e-02, -1.56469025e-02,7.51934323e-02, -1.90029292e-01, -3.86979063e-02,1.21499359e-01, -1.96801901e-01,5.42989066e-02, -1.67665672e-02, -7.17863033e-02,5.79004508e-02, -4.37916182e-02, -1.23700451e-01,4.78974041e-01, -3.45754887e-01, -6.00726139e-02, -1.78243381e-01, -1.84798835e-01,4.46667359e-02,6.29344344e-01, -1.65002827e-01, -2.25904705e-01, -5.20680073e-01,2.86019944e-01,5.72432246e-02,3.44254463e-02,1.41876927e-01, -6.24869517e-02,3.35593651e-01,5.31489782e-02, -7.86815842e-02, -1.62450068e-02,3.65207924e-02, -1.80905291e-02, -3.04223464e-01,2.19963569e-01,2.71190609e-02, -2.33893442e-01,7.62870699e-03, -1.07886763e-01,3.85757245e-01,7.28534679e-02, -6.58409524e-02, -8.72448508e-02,1.70563820e-01,1.76480683e-01,1.42498421e-01, -7.33024711e-03, -2.12299198e-02,2.75297899e-02,2.27784723e-02, -9.86543961e-01, -2.40747711e+01, -7.01221112e-01,3.16886514e-01, -9.40770783e-02,1.37465320e-02,5.37595135e-02,2.40452672e+01, -8.30685137e-02, -6.80769744e-02, -6.78175590e-03, -1.70593187e-02,6.03068501e-02, -2.81207749e-03, -4.54670476e-01, -4.86579712e-02, -6.01606440e-02,1.56142051e-02, -5.96384848e-03, -4.58907199e-02,1.23635724e-01,7.07365803e-01, -1.99025440e-02,3.56087821e-02,4.86634493e-02, -2.59244705e-01

CandC-train3.csv,CandC-test3.csv

7.99668372e-01,1.61264839e-01, -3.59224540e-02,2.36737040e-01, -5.25599126e-02, -7.85628542e-03,6.43073981e-02,2.10850981e-01, -2.21770370e-01, -2.47681070e-01,1.79124618e-01, -1.88596274e-01,4.36027030e-02, -1.68843960e-01, -2.10412258e-01,2.30691943e-02, -1.74381254e-01, -2.36041812e-02,1.54803598e-02, -8.44463518e-02,2.58250282e-01,7.43485406e-02, -2.80316892e-01, -3.32364738e-02, -3.63052818e-02,1.25408633e-02,3.22341078e-02,3.42021582e-02,2.61309972e-02, -1.55042400e-01, -6.43682297e-02,7.00732092e-02,4.49701717e-02,1.56477094e-02,2.69837459e-01, -5.62156552e-02, -3.66974336e-02,3.51898072e-02,6.31900338e-02,4.35444339e-02,3.00078939e-01, -3.04742961e-01,2.87318641e-01, -2.15911722e-01, -9.89779923e-02, -8.72431829e-02, -2.61432671e-02, -8.09589918e-03,1.61981680e-02, -1.51640368e-01, -1.13207481e-01,1.34911280e-01, -1.82181636e-01,2.11169628e-02,2.28460371e-02, -7.03445042e-02,5.28812463e-02, -5.10066765e-02, -1.11036815e-01,3.81826434e-01, -2.06820815e-01, -1.41927870e-02, -2.04869088e-01, -3.70898099e-02, -1.67977221e-01,6.81325921e-01,1.60201946e-02, -2.23466116e-01, -6.59198363e-01,2.57891362e-01,1.71331325e-01,2.43894824e-02,1.83780261e-01, -9.86692877e-03,5.95218298e-01,5.30304240e-02, -5.39510192e-02, -1.64823962e-02,1.02515374e-02, -9.43507931e-03, -2.29122713e-01,1.20618173e-01,6.55446887e-02, -2.35741214e-01, -4.23790452e-02, -8.36633902e-02,3.87620568e-01,4.81585690e-02, -7.63317841e-02, -7.95091387e-02,1.08159151e-01,1.83899602e-01,1.05439877e-01,1.42333772e-02, -4.09206424e-02,2.29145200e-02,2.42392960e-03, -6.40351768e-01, -1.73005420e+01, -4.19664258e-01,6.25061099e-02, -1.83830296e-01, -1.04920789e-01,2.33015566e-01,1.77743426e+01, -5.15501228e-02, -1.20270153e-01,2.13869056e-02,1.08070909e-01,1.11465075e-01, -1.78017687e-01, -1.67503017e-01, -2.20696917e-02, -2.09870267e-02,1.18749698e-02,1.70755749e-02, -3.28285006e-02,1.48957950e-01,2.90020128e-01, -3.91374437e-02,1.95805721e-02,2.85384933e-02, -3.71561836e-01

CandC-train4.csv,CandC-test4.csv
 1.69564575e+00,3.71279599e-01,1.63595621e-02,2.26264499e-01, -8.85255968e-02, -3.12239054e-02,8.02842295e-02,1.30821500e-01, -2.09727690e-01, -1.85717311e-01,1.18065731e-01, -4.47820300e-01,6.08178240e-02, -1.79979425e-01, -1.67617289e-01,4.61673385e-02, -1.26009174e-01,5.49371693e-02,1.22356095e-02, -1.17048162e-01,2.67931246e-01,3.85167492e-01, -6.50964105e-01, -3.50693324e-02, -2.49318676e-02,3.06102068e-02,5.19992569e-02,4.99862323e-02,1.24051642e-03, -1.65680132e-01, -6.08162360e-02, -2.25139456e-02,1.55324184e-02,2.56125607e-02,2.69092066e-01, -6.53120253e-02, -2.88661164e-02,9.23477444e-02,1.15994770e-01,3.06039806e-01,2.52604399e-01, -3.82478256e-04, -2.57967215e-01, -2.29625834e-01,6.41094850e-02, -3.91546458e-01, -1.03089718e-02,9.05624286e-03,4.14999170e-02, -1.86554048e-01, -6.60050964e-02,9.19461669e-02, -1.82917540e-01,7.30894745e-02, -3.29223257e-02, -2.47837930e-02,2.10464421e-02, -1.31233158e-01,3.80294561e-02,2.34701124e-01, -1.09667901e-01, -3.88265552e-02, -1.89380288e-01,4.44176753e-02, -1.94949895e-01,7.41987659e-01, -2.16800673e-01, -1.75662820e-01, -3.15314486e-01,1.80036778e-01,9.66964381e-02,3.80885399e-02,8.97291005e-02, -6.74186779e-02,1.89216540e-01,5.13088034e-02, -8.28158012e-02, -2.54236417e-02,2.91661892e-02,2.85568527e-04, -3.96958717e-01,3.93216540e-01, -6.59710956e-02, -3.52080256e-01,1.81223893e-01, -1.08813076e-01,3.13311228e-01,3.75607105e-02, -3.50359714e-02, -8.12174726e-02,1.82032107e-01,1.66678438e-01,1.25843548e-01,1.22074674e-02, -3.05328229e-02,2.24781217e-02,1.84239060e-02, -1.34188654e+00, -1.90503285e+01, -1.07060609e+00,4.50908810e-01, -2.08553494e-01, -3.46406551e-03,1.77625090e-01,1.89113430e+01, -2.35915046e-02, -1.15086973e-01,3.84890326e-02,1.17486129e-02,4.17007321e-02, -7.20342262e-02, -2.68424657e-01, -1.38678020e-02, -2.16336620e-02,5.15355318e-02,6.70860980e-03, -3.98029564e-02,2.76677483e-02,9.08915272e-01, -9.27897288e-02,3.06047110e-02,5.16007552e-02, -2.81605340e-01

CandC-train5.csv,CandC-test5.csv

 1.88840654e+00,1.21036486e-01,8.46569127e-03,1.70600588e-01, -5.04196196e-02, -1.17283969e-02,7.19395898e-02,1.86334966e-01, -1.24375401e-01, -3.66465724e-01,3.42031429e-02, -2.69376372e-01,4.83815826e-02, -3.28005525e-01, -2.07446270e-01,4.80663475e-02, -1.65341196e-01,9.96190664e-02, -9.89794343e-03, -1.05383433e-01,4.40463914e-01,4.39037371e-02, -3.39439250e-01, -2.38656469e-02, -4.18895190e-02,1.68659822e-02,4.89335677e-02,3.99751708e-02,1.24557508e-01, -1.76610832e-01, -1.37886679e-01,4.14590951e-02,1.81050228e-02, -1.03079889e-02,2.79646951e-01, -4.66384576e-02,1.27096782e-02,7.37133985e-02,1.00936118e-01,1.68735635e-01,2.83351623e-01, -1.94170178e-01,1.70852697e-03, -2.17947168e-01,1.06836966e-01, -5.18397274e-01,7.51160477e-03,1.75618607e-02,6.15832034e-02, -2.12627535e-01, -7.40923796e-02,1.11097927e-01, -1.80265502e-01, -6.79996061e-03,8.42849761e-02, -5.23116307e-02,1.50698789e-02,2.20504571e-02, -2.34213708e-01,3.80236070e-01, -2.32022624e-01, -6.24788875e-02, -1.70617135e-01,4.47083381e-02, -1.63694706e-01,6.92381778e-01, -1.31152490e-01, -3.48667854e-01, -7.91553071e-01,2.57045371e-01,6.32510064e-02,2.40278836e-02,1.86286960e-01, -4.89833471e-02,6.58869778e-01,4.58307230e-02, -7.14462364e-02, -7.04915890e-03,3.92026848e-02, -1.94854266e-02, -2.88067903e-01,1.42176972e-01,6.60018630e-02, -2.80088534e-01,1.59338498e-01, -1.49060541e-01,3.57710359e-01,3.45276249e-02, -2.47816179e-02, -8.04229318e-02,5.21872542e-02,1.86083679e-01,1.70235848e-01,9.99651921e-03,1.02230754e-02,1.77000997e-02, -1.09595707e-02, -1.38733224e+00, -1.48585381e+01, -1.17736840e+00, -1.15424935e-01, -1.37946797e-01, -1.86370883e-02,1.51836619e-01,1.55312411e+01, -9.60441973e-02, -3.15470509e-02,7.46362952e-02,9.26648958e-02,7.72597521e-02, -1.13090866e-01, -4.15455527e-01,1.08632760e-02, -4.30828603e-02,3.21031019e-02, -3.28668306e-02, -5.81924693e-02,3.77586459e-02,6.76661040e-01, -3.13508341e-02,2.62717469e-02,4.61406557e-02, -4.71477006e-01


