CandC-train1.csv,CandC-test1.csv

[ -5.39804323e-03   2.49779798e-02   1.77601733e-01  -6.34039617e-02
  -3.07644259e-02   6.80634128e-02   5.37397474e-02  -1.44769426e-01
  -5.09092967e-02   7.34454750e-02  -2.69566994e-02   3.77263305e-02
  -2.79808147e-02  -6.55700879e-02   2.00800511e-02  -1.25145395e-01
   7.85556501e-02   6.13478974e-02  -8.10507103e-02   9.23603304e-02
  -2.45347729e-02  -1.17981881e-01  -2.05766962e-02  -2.32049393e-02
   3.52656074e-02  -1.05812986e-02   3.07181126e-02  -2.95687381e-02
  -1.41831820e-01  -6.63614349e-02   2.58250756e-02   3.35602900e-02
   8.55132596e-04   1.45113927e-01  -5.88304065e-02  -3.84612917e-02
   7.69539291e-02   6.43268585e-02   1.42979457e-01   8.12009632e-02
  -1.03194679e-01  -1.73835964e-02   6.01053611e-02  -1.13043256e-01
  -1.58216175e-01  -2.72344512e-02  -2.47682800e-02   4.59070738e-02
  -1.57164446e-01  -8.37105469e-02   1.23628219e-01  -8.87313647e-02
  -1.53504070e-02   5.92855803e-02  -5.03508006e-02   1.24342758e-02
   9.77061977e-03   1.15114611e-03   5.66133121e-02  -1.57985761e-02
  -5.36751855e-02  -1.27683222e-01  -8.27023587e-02  -6.03864616e-02
   1.28518701e-01  -2.12181733e-02  -1.95757872e-02  -6.73289608e-02
   1.24136263e-01   9.50476100e-02   1.75545184e-02   1.51419539e-01
  -5.86853992e-02   2.22202086e-02   7.56124203e-02  -5.22511547e-02
  -7.94350664e-03  -5.15603235e-05  -3.82093251e-02  -5.22044832e-02
   3.28694386e-02   3.21955662e-03  -1.87154068e-01   4.16820013e-02
   6.70928435e-03   1.73959318e-01   7.77855876e-02  -5.27390423e-02
  -1.02414095e-01   6.12564599e-02   1.49252149e-01   2.97853654e-02
   2.47761522e-02  -8.13848274e-03   2.11923288e-03  -2.22916644e-03
  -3.31512796e-02  -7.28004758e-03  -1.03264909e-01   5.57874990e-02
  -6.09503121e-02   8.29849065e-02   6.75988313e-02  -9.52580503e-03
  -8.35402102e-02  -8.01649009e-02  -1.07030310e-02   4.67410430e-02
   5.00781176e-02  -1.91041990e-02  -1.01168080e-02   4.36862604e-02
  -2.46411732e-02   2.91442831e-02   2.45562238e-03  -1.73829318e-02
   4.05860370e-02   3.26739083e-03   1.22648188e-02   2.09623354e-02
  -4.17685399e-02]

CandC-train2.csv,CandC-test2.csv

[-0.02442822  0.00683163  0.12350454 -0.07877891 -0.03507172  0.01443588
  0.0170653  -0.17154191 -0.03571324  0.01359118 -0.08639371  0.03544876
  0.02338096 -0.10859476  0.01172513 -0.1512158   0.07577936  0.04368832
 -0.09586005  0.05864176 -0.00843456 -0.15158877 -0.02049916 -0.02945576
  0.03783382 -0.00927371  0.0597411  -0.01874841 -0.17633921 -0.08698982
  0.0623625   0.0146675  -0.02936604  0.12137358 -0.05355664 -0.00679013
  0.03131041  0.04424888  0.10484854  0.15397259 -0.06281888 -0.03716574
  0.01713175 -0.04556135 -0.16651641 -0.04188767 -0.0167528   0.03785785
 -0.1427583  -0.05761589  0.15001018 -0.11290692  0.05123432 -0.03904416
 -0.01591403  0.00598715 -0.00705989 -0.00986473  0.05212146 -0.01684851
 -0.03448699 -0.10501658 -0.07571527 -0.01999807  0.16707707 -0.0818335
 -0.02455937 -0.11383832  0.1696478   0.04559433  0.01837406  0.13597382
 -0.0714423   0.00426432  0.05076755 -0.06890049 -0.00357559  0.03762472
 -0.01719887 -0.07921025  0.01702867  0.02921953 -0.18111626  0.03152657
 -0.01478277  0.19057789  0.087628   -0.0551117  -0.08397967  0.13961101
  0.16330241  0.06822893 -0.01992668  0.00366036  0.04125291  0.01538203
 -0.03698621 -0.0024516  -0.0273871   0.02220395 -0.04257716  0.02861471
  0.04958779 -0.00219324 -0.08723408 -0.03619691  0.02227779 -0.01056106
  0.04441283  0.00997332 -0.06053376 -0.01142856 -0.05646312  0.02890892
  0.00756758 -0.04339314  0.10883954  0.02601454  0.02004058  0.02230199
 -0.04070178]

CandC-train3.csv,CandC-test3.csv

[-0.02272927  0.02831641  0.19774207 -0.07803451 -0.0159754   0.0409178
  0.08438297 -0.18374092 -0.07086672  0.10569463 -0.04657527  0.03926994
  0.0322195  -0.11574715  0.01068637 -0.14245376  0.00727252  0.01875992
 -0.08070412  0.03725117 -0.02272878 -0.10128252 -0.02114456 -0.03518129
  0.01552388 -0.01177495  0.04778945 -0.01372112 -0.11286543 -0.0407397
  0.03252497  0.03387985  0.0031055   0.1478563  -0.0478911  -0.02816007
  0.03068899  0.02088429  0.12016143  0.13843575 -0.07949002  0.00249763
  0.03217601 -0.09076246 -0.09290376 -0.03993913 -0.0128326  -0.00698244
 -0.10776581 -0.07900546  0.1486417  -0.11941367  0.02336648 -0.01364056
 -0.01457649  0.0115438  -0.02054508  0.00442993  0.04859324  0.01524349
 -0.0008317  -0.12309949 -0.09162606 -0.05563034  0.20059458 -0.04110427
 -0.02067586 -0.08516609  0.15025434  0.12473213  0.00962378  0.16143453
 -0.02530881  0.04994065  0.05362731 -0.0500085   0.00158727  0.00974476
 -0.00890384 -0.05753456  0.00961725  0.03872237 -0.17370967  0.00687598
 -0.00302239  0.18138947  0.06517551 -0.06324437 -0.07709897  0.0853405
  0.16017967  0.04620962  0.00113893 -0.01493737  0.04131603 -0.00390255
 -0.04527553  0.03119503 -0.00595438  0.0156363  -0.06584016 -0.01837549
  0.14242983  0.03113284 -0.06708018 -0.06273629 -0.02658529  0.03313836
  0.06377845 -0.02703171  0.00403751  0.00575243 -0.02888768  0.02392302
  0.02565323 -0.02707489  0.09754713 -0.05721922 -0.0338009   0.01153816
 -0.02424627]

CandC-train4.csv,CandC-test4.csv

[ -3.00395494e-02   3.88208219e-02   1.86554629e-01  -8.89719427e-02
  -3.05510982e-02   5.99047757e-02   4.75794788e-02  -1.66075505e-01
  -5.12814860e-02   8.15362526e-02  -7.61905283e-02   4.76200155e-02
   4.55016152e-02  -8.69715813e-02   3.47157074e-02  -1.18635238e-01
   4.60258570e-02   2.52251066e-02  -9.94935922e-02   6.30127739e-02
   8.23005867e-03  -2.19296591e-01  -1.81542528e-02  -2.35425071e-02
   3.73766812e-02  -1.00111686e-02   6.56118108e-02  -3.12904339e-02
  -1.31270905e-01  -6.34405187e-02   2.03233163e-03   1.47331526e-02
   2.77683740e-03   1.42871783e-01  -5.31851422e-02  -1.92304770e-02
   7.09041855e-02   4.57963949e-02   1.38565852e-01   1.34805989e-01
  -6.82894821e-02  -1.35427226e-02  -1.15542863e-02  -5.55768037e-02
  -1.71137793e-01  -3.46832669e-02  -2.53948141e-03   2.11758564e-02
  -1.48235564e-01  -8.23047982e-02   1.27829296e-01  -1.13416750e-01
   5.35165564e-02  -3.18521579e-02  -9.36114680e-05  -8.58994986e-03
  -4.30313849e-02   2.32942225e-02   4.82818182e-02   2.04823319e-02
  -3.43432903e-02  -1.08281330e-01  -5.76662595e-02  -4.35401146e-02
   1.80114751e-01  -1.00514573e-01  -1.71165824e-02  -9.54979059e-02
   1.00279757e-01   6.73741884e-02   2.45218095e-02   8.58795851e-02
  -7.16718359e-02   2.39726245e-02   4.48236355e-02  -7.01602087e-02
  -1.35231945e-02   3.34441092e-02   3.67806365e-03  -8.30128670e-02
   3.48588265e-02   9.40607768e-03  -2.29372110e-01   7.21546091e-02
   4.07737289e-03   1.82974290e-01   5.38509643e-02  -3.33081143e-02
  -7.83056468e-02   1.47111939e-01   1.71896261e-01   5.85421877e-02
  -8.95043523e-03  -1.35384662e-02   3.54411155e-02   1.62392753e-02
  -1.35229160e-03  -2.46766374e-02  -1.08175441e-01   2.80904603e-02
  -3.02191599e-02   4.36946304e-02   1.01849471e-01  -2.61927770e-02
  -4.35180601e-02  -7.96529010e-02   1.85235899e-02  -2.39388038e-02
   3.53407491e-02   2.09711933e-03   1.10296909e-02   1.24532652e-02
  -2.55779761e-02   5.12371441e-02   1.18092778e-02  -3.56538009e-02
   2.79075679e-02   5.92818871e-02  -1.36370698e-02   1.84853071e-02
  -3.94119524e-02]

CandC-train5.csv,CandC-test5.csv

[-0.04061243  0.04392404  0.15069628 -0.06700222 -0.01405933  0.06103629
  0.03585257 -0.13811822 -0.10011643  0.03389414 -0.06803599  0.04160717
  0.01757578 -0.10485619  0.03464981 -0.13848668  0.0721174   0.00343293
 -0.09242259  0.05563587 -0.04599509 -0.13151133 -0.01506385 -0.03700525
  0.02130402 -0.00935816  0.06259792  0.00715905 -0.11953012 -0.10608645
  0.03060229  0.0245893  -0.02892468  0.14373619 -0.04181176  0.01305287
  0.05930513  0.03879373  0.13875218  0.1344871  -0.11591516 -0.01985024
  0.02675725 -0.08318907 -0.24174351 -0.01755365  0.00381838  0.02054785
 -0.14876712 -0.0704366   0.14606398 -0.09896881  0.00747215  0.01911966
  0.00880851 -0.01371811 -0.00369136 -0.02583238  0.03372589 -0.01998932
 -0.04643608 -0.09404029 -0.03783921 -0.04901671  0.16968301 -0.10577588
 -0.07652003 -0.11342471  0.15469871  0.04779398  0.01418937  0.15715083
 -0.06216491  0.03891744  0.04470523 -0.0583797   0.00643988  0.03609116
 -0.01696471 -0.08271069  0.01314962  0.03278675 -0.18467608  0.06134355
 -0.00668442  0.18518091  0.05291146 -0.02715161 -0.07291071  0.05979279
  0.16881067  0.08135475 -0.00341288  0.02460475  0.03145733 -0.01103651
 -0.03358177  0.03825439 -0.04581706  0.01018739 -0.03491445 -0.00436065
  0.10967056  0.0378667  -0.10722693 -0.01933901  0.01899059  0.00539627
  0.03244571  0.00437782 -0.04070554  0.02693167 -0.05393567  0.02653008
 -0.018222   -0.05827381  0.06060394 -0.01184652 -0.01657374  0.01802998
 -0.04814025]
